   7.1876927817199107E-009
   5.0005999541190999E-005
   1.4572890435705490     
   1.1822553393126307     
   4.2942212322409192     
   223.85110046451106     
   40.063959095152903     
   199.51750689098068     
   12.515200561334957     
   21018.256165458988     
   91.180478673737682     
   6265.0542589193938     
   1131575.7655442981     
   1.5968287081312248E-007
   6.6319537442229059E-004
   14.838774062260397     
   7.6732331805813239     
   27.870934547547321     
   1024.0909752430098     
   141.83665426562899     
   706.34296371138100     
   44.236935192744617     
   42192.872730094241     
   195.16372516308400     
   13350.227730427696     
   944822.44814361818     
   8.7177184544986523E-007
   2.6025032452213245E-003
   49.827227937480750     
   19.700765636629182     
   71.557678444832604     
   2090.3125987458175     
   262.01315688707462     
   1304.8189153183093     
   81.535048899913235     
   52649.852341296741     
   259.60940496822394     
   17722.966470929587     
   708676.57623403752     
   4.6311331240562166E-006
   1.1110289297253205E-002
   191.40193507719582     
   64.495959959883166     
   234.26405401243952     
   5804.9621977483803     
   707.41481958101269     
   3522.9080013870553     
   220.29684475402379     
   107455.03015852640     
   561.63694994003470     
   38347.191406555103     
   1052787.5360875842     
   7.3360729043484398E-005
   9.8202942122407058E-002
   1198.5334124318035     
   366.77580398093801     
   1332.2134841761629     
   14475.456347798832     
   2661.2518934899467     
   13252.967573978205     
   845.08710881932620     
   120985.85324252395     
   919.19009113485583     
   62876.791574452276     
   443335.38644644892     
   5.7579054923882939E-005
   8.1605374795886851E-002
   1056.2953908461416     
   290.68726724231038     
   1055.8425361876318     
   14242.593805320023     
   2155.6941378679312     
   10735.302606758230     
   675.70346999698734     
   129562.71378173173     
   889.67780166982072     
   60801.864023442060     
   565532.59812269954     
   2.8660009155092296E-005
   4.5873646288388088E-002
   643.76259792226017     
   175.81369514098142     
   638.59548708091734     
   10611.651758954837     
   1410.8902032987073     
   7026.1976957826400     
   439.21481843179049     
   113988.30740395196     
   707.59405063881707     
   48308.886440554728     
   620231.54707821750     
   2.1714885189047969E-005
   4.1033990419903375E-002
   630.05267112099671     
   183.69868796049730     
   667.23557907083284     
   13429.587687018284     
   1667.0983715571454     
   8302.1078613618865     
   517.63976221508915     
   180607.94195206114     
   1025.8110544525400     
   69958.928781082883     
   1266388.9055068612     
   1.3723325447896939E-005
   2.0282428439836558E-002
   247.16482799618450     
   109.33524100895266     
   397.13056965744022     
   3210.2127265683735     
   847.82454258617463     
   4222.1449219927999     
   276.39766429647233     
   27763.992355647850     
   236.91249177941685     
   16217.680925439607     
   86415.794455221243     
