   1.7425783741266166E-006
   5.0682563323229260E-006
   1.8599662727343824E-002
   7.2694767215786338E-006
   3.5747269516636336E-002
   2.3783156669282528     
   1.1285031919449084     
   3.0880247098322862     
  0.14447914953154220     
   212.59887094015764     
   8.5450223841382399E-004
   63.830625337062372     
   10004.506992519584     
   3.8084037377309726E-005
   6.8061230384445324E-005
  0.18366494932070734     
   4.8372647667395393E-005
  0.23661475888869590     
   10.698145769839629     
   3.4321652084864440     
   9.3917420522246378     
  0.43971577094938213     
   419.24418674775922     
   1.8314543404848503E-003
   135.78184015569346     
   8250.4073955628792     
   2.0128946365059988E-004
   2.7020053811617224E-004
  0.59693289277797190     
   1.2787443230007084E-004
  0.62748307502577638     
   21.541756209129385     
   5.7126633064295094     
   15.632073836205082     
  0.73231040624236543     
   516.13532826691096     
   2.4034910130873739E-003
   177.62711470154258     
   6127.5619646914056     
   5.0420703839201711E-004
   5.6725737455567548E-004
   1.0837391590888905     
   2.1142393800443356E-004
   1.0374626121937343     
   28.943860671518603     
   7.0418391452936140     
   19.269217062928220     
  0.90310314109324263     
   510.28184064493320     
   2.5031016096735761E-003
   184.79218548133500     
   4427.8048907939710     
   1.3917765834113737E-002
   1.1331213794265188E-002
   10.788687876089023     
   3.2469877917518080E-003
   15.933051545519604     
   142.14030135950620     
   44.470497667056982     
   121.68862068247596     
   5.6815557584011822     
   1083.8429427933356     
   7.1705136108688510E-003
   530.83760636073555     
   3650.9723485269337     
   1.1016787702221198E-002
   8.8677719091793620E-003
   10.049611127566344     
   2.2881830308165590E-003
   11.228172117524387     
   137.97200169548060     
   36.318611581879985     
   99.381881232121046     
   4.6529174008296135     
   1179.8483391743741     
   7.2276429839993094E-003
   534.70096832860179     
   4712.5190935427163     
   5.5296190975050973E-003
   4.7188279522151298E-003
   6.3951551083799965     
   1.2547496639377142E-003
   6.1570883480213796     
   101.97980951457036     
   24.395472771642769     
   66.755524196784435     
   3.1288019553741804     
   1051.5672183125203     
   5.9403226886027291E-003
   439.02546511004289     
   5228.1638432939080     
   2.0811548661883255E-003
   1.9803637714467881E-003
   3.1763544166939348     
   5.9624393340678024E-004
   2.9257840533327859     
   63.010266006075007     
   14.725992702368808     
   40.296056744349762     
   1.8888877167715545     
   821.71832274834844     
   4.3160522034516981E-003
   318.71747021069484     
   5249.3213129949099     
   2.3500950008031193E-003
   2.3906490363605746E-003
   1.8392093277022237     
   1.0796086039402391E-003
   5.2976668980713617     
   29.903075505339412     
   13.218751576344239     
   36.171658212232437     
   1.6773768272622671     
   223.32635526781118     
   1.6009395503530633E-003
   118.53194982684253     
   645.52920294021317     
